1 : 2 16 33 41 374 
2 : 1 3 33 58 374 375 
3 : 2 4 34 58 375 
4 : 3 5 34 59 375 376 
5 : 4 6 35 59 376 
6 : 5 7 35 60 376 377 
7 : 6 8 36 60 377 
8 : 7 9 36 61 377 378 
9 : 8 10 37 61 378 
10 : 9 11 37 62 378 379 
11 : 10 12 38 62 379 
12 : 11 13 38 63 379 380 
13 : 12 14 39 63 380 381 
14 : 13 15 39 64 381 
15 : 14 16 40 64 381 382 
16 : 1 15 40 41 374 382 
17 : 18 32 42 57 387 395 
18 : 17 19 42 43 387 388 
19 : 18 20 43 44 388 
20 : 19 21 44 45 388 389 
21 : 20 22 45 46 389 
22 : 21 23 46 47 389 390 
23 : 22 24 47 48 390 
24 : 23 25 48 49 390 391 
25 : 24 26 49 50 391 
26 : 25 27 50 51 391 392 
27 : 26 28 51 52 392 
28 : 27 29 52 53 392 393 
29 : 28 30 53 54 393 394 
30 : 29 31 54 55 394 
31 : 30 32 55 56 394 395 
32 : 17 31 56 57 395 
33 : 1 2 41 58 65 95 374 398 
34 : 3 4 58 59 73 77 375 376 399 
35 : 5 6 59 60 66 71 376 399 
36 : 7 8 60 61 67 89 377 378 412 
37 : 9 10 61 62 68 90 378 379 385 412 
38 : 11 12 62 63 69 91 379 380 413 
39 : 13 14 63 64 70 92 380 381 413 
40 : 15 16 41 64 93 94 382 398 
41 : 1 16 33 40 94 95 374 382 398 
42 : 17 18 43 57 79 96 387 402 
43 : 18 19 42 44 79 80 387 388 402 
44 : 19 20 43 45 80 81 388 402 408 
45 : 20 21 44 46 81 83 388 389 408 
46 : 21 22 45 47 83 84 389 390 408 409 
47 : 22 23 46 48 84 85 390 409 
48 : 23 24 47 49 85 86 390 409 
49 : 24 25 48 50 82 86 390 391 409 
50 : 25 26 49 51 78 82 391 409 
51 : 26 27 50 52 78 87 391 392 409 
52 : 27 28 51 53 74 87 392 393 409 
53 : 28 29 52 54 72 74 393 408 409 
54 : 29 30 53 55 72 88 393 394 408 
55 : 30 31 54 56 75 88 394 395 408 
56 : 31 32 55 57 75 76 395 402 408 
57 : 17 32 42 56 76 96 387 395 402 
58 : 2 3 33 34 65 77 374 375 398 
59 : 4 5 34 35 71 73 376 399 
60 : 6 7 35 36 66 89 376 377 399 412 
61 : 8 9 36 37 67 90 378 412 
62 : 10 11 37 38 68 91 379 385 412 
63 : 12 13 38 39 69 92 380 413 
64 : 14 15 39 40 70 93 381 382 413 
65 : 33 58 77 95 123 398 
66 : 35 60 71 89 105 110 399 412 416 
67 : 36 61 89 90 100 106 412 416 
68 : 37 62 90 91 102 109 412 416 
69 : 38 63 91 92 103 104 413 414 
70 : 39 64 92 93 115 121 413 414 
71 : 35 59 66 73 108 110 399 
72 : 53 54 74 88 99 114 408 
73 : 34 59 71 77 108 125 399 415 
74 : 52 53 72 87 114 116 408 409 419 
75 : 55 56 76 88 117 122 402 408 
76 : 56 57 75 96 98 117 402 
77 : 34 58 65 73 123 125 375 398 399 415 
78 : 50 51 82 87 107 113 409 419 
79 : 42 43 80 96 120 124 402 
80 : 43 44 79 81 119 120 402 
81 : 44 45 80 83 97 119 402 406 408 
82 : 49 50 78 86 101 113 409 419 
83 : 45 46 81 84 97 111 406 408 
84 : 46 47 83 85 111 118 406 408 409 419 
85 : 47 48 84 86 112 118 409 419 
86 : 48 49 82 85 101 112 409 419 
87 : 51 52 74 78 107 116 409 419 
88 : 54 55 72 75 99 122 408 
89 : 36 60 66 67 105 106 412 416 
90 : 37 61 67 68 100 109 412 416 
91 : 38 62 68 69 102 104 379 385 412 413 414 416 
92 : 39 63 69 70 103 121 413 414 
93 : 40 64 70 94 115 126 382 398 413 414 
94 : 40 41 93 95 126 127 398 414 
95 : 33 41 65 94 123 127 398 
96 : 42 57 76 79 98 124 402 
97 : 81 83 111 119 130 133 406 
98 : 76 96 117 124 141 143 402 403 
99 : 72 88 114 122 128 135 408 420 
100 : 67 90 106 109 147 151 416 
101 : 82 86 112 113 131 153 419 
102 : 68 91 104 109 146 149 416 434 
103 : 69 92 104 121 136 150 414 
104 : 69 91 102 103 146 150 414 416 434 
105 : 66 89 106 110 148 155 399 415 416 417 
106 : 67 89 100 105 147 148 416 
107 : 78 87 113 116 142 152 419 
108 : 71 73 110 125 145 154 399 415 417 
109 : 68 90 100 102 149 151 416 434 
110 : 66 71 105 108 145 155 399 415 417 
111 : 83 84 97 118 133 138 406 
112 : 85 86 101 118 129 131 419 
113 : 78 82 101 107 152 153 419 
114 : 72 74 99 116 135 137 408 419 420 
115 : 70 93 121 126 139 414 
116 : 74 87 107 114 137 142 419 
117 : 75 76 98 122 140 143 402 403 420 
118 : 84 85 111 112 129 138 406 419 
119 : 80 81 97 120 130 132 402 403 406 
120 : 79 80 119 124 132 134 402 403 
121 : 70 92 103 115 136 139 414 
122 : 75 88 99 117 128 140 402 408 420 
123 : 65 77 95 125 127 144 157 398 415 417 
124 : 79 96 98 120 134 141 402 403 
125 : 73 77 108 123 144 154 415 417 
126 : 93 94 115 127 139 158 414 
127 : 94 95 123 126 157 158 398 414 415 417 
128 : 99 122 135 140 164 171 420 
129 : 112 118 131 138 159 170 406 419 
130 : 97 119 132 133 162 173 406 407 
131 : 101 112 129 153 156 159 418 419 
132 : 119 120 130 134 162 163 403 406 407 
133 : 97 111 130 138 165 173 406 
134 : 120 124 132 141 163 172 403 
135 : 99 114 128 137 171 176 420 
136 : 103 121 139 150 178 181 414 434 
137 : 114 116 135 142 166 176 418 419 420 
138 : 111 118 129 133 165 170 406 
139 : 115 121 126 136 158 178 202 400 414 417 
140 : 117 122 128 143 161 164 420 
141 : 98 124 134 143 169 172 403 
142 : 107 116 137 152 160 166 418 419 
143 : 98 117 140 141 161 169 403 420 
144 : 123 125 154 157 174 184 417 421 
145 : 108 110 154 155 175 182 417 421 435 
146 : 102 104 149 150 177 180 434 
147 : 100 106 148 151 168 185 416 434 435 
148 : 105 106 147 155 168 183 416 417 435 
149 : 102 109 146 151 180 189 434 
150 : 103 104 136 146 177 181 414 434 
151 : 100 109 147 149 185 189 416 434 
152 : 107 113 142 153 160 167 418 419 
153 : 101 113 131 152 156 167 418 419 
154 : 108 125 144 145 182 184 417 421 
155 : 105 110 145 148 175 183 417 435 
156 : 131 153 159 167 200 207 418 433 
157 : 123 127 144 158 174 179 417 
158 : 126 127 139 157 179 190 202 400 414 417 
159 : 129 131 156 170 193 200 406 418 419 433 
160 : 142 152 166 167 198 210 418 
161 : 140 143 164 169 191 194 420 
162 : 130 132 163 173 195 199 407 
163 : 132 134 162 172 195 205 403 407 
164 : 128 140 161 171 191 197 420 
165 : 133 138 170 173 188 196 406 407 433 
166 : 137 142 160 176 192 198 410 418 420 
167 : 152 153 156 160 207 210 418 
168 : 147 148 183 185 206 435 
169 : 141 143 161 172 194 212 403 404 420 
170 : 129 138 159 165 193 196 406 433 
171 : 128 135 164 176 186 197 410 420 
172 : 134 141 163 169 205 212 403 404 407 
173 : 130 133 162 165 188 199 406 407 
174 : 144 157 179 184 187 214 417 421 
175 : 145 155 182 183 209 211 421 435 
176 : 135 137 166 171 186 192 410 420 
177 : 146 150 180 181 201 203 434 437 
178 : 136 139 181 202 204 400 414 434 
179 : 157 158 174 187 190 208 400 417 421 
180 : 146 149 177 189 203 236 434 437 
181 : 136 150 177 178 201 204 400 434 437 
182 : 145 154 175 184 209 213 421 
183 : 148 155 168 175 206 211 435 
184 : 144 154 174 182 213 214 421 
185 : 147 151 168 189 206 236 434 435 
186 : 171 176 192 197 227 235 410 
187 : 174 179 208 214 228 229 400 421 
188 : 165 173 196 199 224 226 407 
189 : 149 151 180 185 236 434 
190 : 158 179 202 208 220 400 
191 : 161 164 194 197 223 240 404 410 420 
192 : 166 176 186 198 218 227 410 
193 : 159 170 196 200 215 222 433 
194 : 161 169 191 212 216 223 404 420 
195 : 162 163 199 205 219 234 404 407 
196 : 165 170 188 193 222 224 407 433 
197 : 164 171 186 191 235 240 410 420 
198 : 160 166 192 210 218 233 410 418 
199 : 162 173 188 195 219 226 407 
200 : 156 159 193 207 215 221 433 
201 : 177 181 203 204 225 232 437 
202 : 139 158 178 190 204 217 220 400 
203 : 177 180 201 232 236 251 437 
204 : 178 181 201 202 217 225 400 437 
205 : 163 172 195 212 234 237 404 407 
206 : 168 183 185 211 236 239 242 435 436 437 
207 : 156 167 200 210 221 238 418 433 
208 : 179 187 190 220 229 259 400 
209 : 175 182 211 213 230 241 421 435 436 
210 : 160 167 198 207 233 238 418 
211 : 175 183 206 209 239 241 435 436 
212 : 169 172 194 205 216 237 404 
213 : 182 184 209 214 230 231 421 436 
214 : 174 184 187 213 228 231 421 
215 : 193 200 221 222 255 261 428 433 
216 : 194 212 223 237 245 253 404 
217 : 202 204 220 225 248 260 400 439 
218 : 192 198 227 233 246 249 410 
219 : 195 199 226 234 252 254 404 407 
220 : 190 202 208 217 259 260 400 
221 : 200 207 215 238 255 256 428 433 
222 : 193 196 215 224 247 261 428 433 
223 : 191 194 216 240 253 263 404 410 
224 : 188 196 222 226 243 247 407 422 428 433 
225 : 201 204 217 232 248 265 286 400 437 439 
226 : 188 199 219 224 243 252 407 422 
227 : 186 192 218 235 244 246 410 
228 : 187 214 229 231 257 276 400 421 436 438 
229 : 187 208 228 259 276 288 400 438 
230 : 209 213 231 241 266 280 436 
231 : 213 214 228 230 257 266 421 436 438 
232 : 201 203 225 251 286 291 437 439 
233 : 198 210 218 238 249 250 410 418 428 
234 : 195 205 219 237 254 262 404 
235 : 186 197 227 240 244 264 410 
236 : 180 185 189 203 206 242 251 434 435 437 
237 : 205 212 216 234 245 262 404 
238 : 207 210 221 233 250 256 418 428 433 
239 : 206 211 241 242 258 268 425 436 
240 : 191 197 223 235 263 264 410 
241 : 209 211 230 239 268 280 287 425 436 
242 : 206 236 239 251 258 283 425 436 437 
243 : 224 226 247 252 274 278 422 
244 : 227 235 246 264 267 277 410 442 
245 : 216 237 253 262 279 296 404 444 
246 : 218 227 244 249 272 277 410 442 
247 : 222 224 243 261 275 278 422 428 
248 : 217 225 260 265 282 439 
249 : 218 233 246 250 272 285 410 428 442 
250 : 233 238 249 256 285 295 428 
251 : 203 232 236 242 283 291 303 437 439 
252 : 219 226 243 254 270 274 404 407 422 444 
253 : 216 223 245 263 271 279 404 444 
254 : 219 234 252 262 270 294 404 444 
255 : 215 221 256 261 269 284 428 
256 : 221 238 250 255 269 295 428 
257 : 228 231 266 276 289 290 438 
258 : 239 242 268 273 283 297 425 
259 : 208 220 229 260 288 299 326 400 438 
260 : 217 220 248 259 282 299 400 438 439 
261 : 215 222 247 255 275 284 428 
262 : 234 237 245 254 294 296 404 444 
263 : 223 240 253 264 271 281 404 410 432 442 444 
264 : 235 240 244 263 267 281 410 442 
265 : 225 248 282 286 293 439 
266 : 230 231 257 280 290 292 425 436 438 
267 : 244 264 277 281 305 310 442 
268 : 239 241 258 273 287 425 
269 : 255 256 284 295 301 318 428 431 
270 : 252 254 274 294 298 317 422 444 
271 : 253 263 279 281 306 309 432 444 
272 : 246 249 277 285 311 312 442 
273 : 258 268 287 297 313 316 425 
274 : 243 252 270 278 315 317 422 
275 : 247 261 278 284 308 324 422 428 431 
276 : 228 229 257 288 289 438 
277 : 244 246 267 272 305 311 442 
278 : 243 247 274 275 308 315 422 
279 : 245 253 271 296 306 322 432 444 
280 : 230 241 266 287 292 425 436 
281 : 263 264 267 271 309 310 432 442 
282 : 248 260 265 293 299 302 329 426 438 439 
283 : 242 251 258 297 303 319 425 426 437 439 
284 : 255 261 269 275 318 324 428 431 
285 : 249 250 272 295 312 314 428 431 442 
286 : 225 232 265 291 293 307 439 
287 : 241 268 273 280 292 313 425 
288 : 229 259 276 289 304 325 326 438 
289 : 257 276 288 290 300 304 438 
290 : 257 266 289 292 300 323 425 438 
291 : 232 251 286 303 307 327 439 
292 : 266 280 287 290 313 323 425 
293 : 265 282 286 302 307 321 426 439 
294 : 254 262 270 296 298 320 444 
295 : 250 256 269 285 301 314 428 431 
296 : 245 262 279 294 320 322 444 
297 : 258 273 283 316 319 337 425 426 
298 : 270 294 317 320 336 359 441 443 444 
299 : 259 260 282 326 329 346 438 
300 : 289 290 304 323 330 344 438 448 
301 : 269 295 314 318 328 352 431 
302 : 282 293 321 329 342 357 426 449 
303 : 251 283 291 319 327 426 439 
304 : 288 289 300 325 340 344 438 448 
305 : 267 277 310 311 332 339 430 442 446 
306 : 271 279 309 322 338 343 432 
307 : 286 291 293 321 327 351 426 439 
308 : 275 278 315 324 331 341 422 423 
309 : 271 281 306 310 333 343 432 
310 : 267 281 305 309 332 333 430 432 442 446 
311 : 272 277 305 312 339 345 430 442 
312 : 272 285 311 314 345 348 429 430 431 442 
313 : 273 287 292 316 323 347 354 405 425 
314 : 285 295 301 312 348 352 429 431 
315 : 274 278 308 317 331 334 422 423 
316 : 273 297 313 337 354 362 405 425 426 
317 : 270 274 298 315 334 359 422 423 441 443 444 
318 : 269 284 301 324 328 350 431 
319 : 283 297 303 327 337 349 426 
320 : 294 296 298 322 335 336 441 444 
321 : 293 302 307 351 357 361 370 426 440 449 
322 : 279 296 306 320 335 338 432 441 444 
323 : 290 292 300 313 330 347 405 425 426 438 448 
324 : 275 284 308 318 341 350 422 423 424 431 
325 : 288 304 326 340 346 438 
326 : 259 288 299 325 346 438 
327 : 291 303 307 319 349 351 426 439 
328 : 301 318 350 352 355 358 431 445 
329 : 282 299 302 342 346 353 426 438 449 
330 : 300 323 344 347 358 360 448 
331 : 308 315 334 341 356 364 423 424 
332 : 305 310 333 339 357 367 446 
333 : 309 310 332 343 357 370 432 440 446 
334 : 315 317 331 356 359 371 423 443 
335 : 320 322 336 338 368 372 441 447 
336 : 298 320 335 359 365 368 441 443 447 
337 : 297 316 319 349 362 368 405 426 447 
338 : 306 322 335 343 361 372 432 440 441 447 
339 : 305 311 332 345 363 367 430 446 
340 : 304 325 344 346 353 373 426 438 448 449 
341 : 308 324 331 350 360 364 423 424 
342 : 302 329 353 357 363 367 449 
343 : 306 309 333 338 361 370 432 440 
344 : 300 304 330 340 355 358 373 448 
345 : 311 312 339 348 363 366 429 430 446 
346 : 299 325 326 329 340 353 426 438 449 
347 : 313 323 330 354 360 364 405 424 448 
348 : 312 314 345 352 366 369 429 
349 : 319 327 337 351 368 372 426 447 
350 : 318 324 328 341 358 360 424 431 445 
351 : 307 321 327 349 361 372 426 440 447 
352 : 301 314 328 348 355 369 429 431 445 
353 : 329 340 342 346 363 366 373 449 
354 : 313 316 347 356 362 364 371 405 424 443 
355 : 328 344 352 358 369 373 445 448 
356 : 331 334 354 364 371 423 424 443 
357 : 302 321 332 333 342 367 370 440 446 449 
358 : 328 330 344 350 355 360 445 448 
359 : 298 317 334 336 365 371 443 
360 : 330 341 347 350 358 364 424 445 448 
361 : 321 338 343 351 370 372 440 
362 : 316 337 354 365 368 371 405 443 447 
363 : 339 342 345 353 366 367 429 446 449 
364 : 331 341 347 354 356 360 424 
365 : 336 359 362 368 371 443 447 
366 : 345 348 353 363 369 373 429 449 
367 : 332 339 342 357 363 446 449 
368 : 335 336 337 349 362 365 372 447 
369 : 348 352 355 366 373 429 445 
370 : 321 333 343 357 361 440 
371 : 334 354 356 359 362 365 443 
372 : 335 338 349 351 361 368 440 447 
373 : 340 344 353 355 366 369 429 445 448 449 
374 : 1 2 16 33 41 58 375 382 383 398 
375 : 2 3 4 34 58 77 374 376 383 398 399 
376 : 4 5 6 34 35 59 60 375 377 383 384 399 
377 : 6 7 8 36 60 376 378 384 399 412 
378 : 8 9 10 36 37 61 377 379 384 385 412 
379 : 10 11 12 37 38 62 91 378 380 385 413 
380 : 12 13 38 39 63 379 381 385 386 413 
381 : 13 14 15 39 64 380 382 386 413 
382 : 15 16 40 41 64 93 374 381 383 386 398 413 
383 : 374 375 376 382 384 386 398 399 411 
384 : 376 377 378 383 385 386 399 411 412 
385 : 37 62 91 378 379 380 384 386 411 412 413 
386 : 380 381 382 383 384 385 398 411 413 
387 : 17 18 42 43 57 388 395 396 397 402 408 
388 : 18 19 20 43 44 45 387 389 396 402 408 
389 : 20 21 22 45 46 388 390 396 408 409 
390 : 22 23 24 46 47 48 49 389 391 396 409 
391 : 24 25 26 49 50 51 390 392 396 397 409 
392 : 26 27 28 51 52 391 393 397 409 
393 : 28 29 52 53 54 392 394 397 408 409 
394 : 29 30 31 54 55 393 395 397 408 
395 : 17 31 32 55 56 57 387 394 397 402 408 
396 : 387 388 389 390 391 397 408 409 
397 : 387 391 392 393 394 395 396 408 409 
398 : 33 40 41 58 65 77 93 94 95 123 127 374 375 382 383 386 399 411 413 414 415 
399 : 34 35 59 60 66 71 73 77 105 108 110 375 376 377 383 384 398 411 412 415 416 
400 : 139 158 178 179 181 187 190 202 204 208 217 220 225 228 229 259 260 414 417 421 434 435 436 437 438 439 
401 : 405 424 427 429 430 432 440 441 445 446 448 449 
402 : 42 43 44 56 57 75 76 79 80 81 96 98 117 119 120 122 124 387 388 395 403 406 408 420 
403 : 98 117 119 120 124 132 134 141 143 163 169 172 402 404 406 407 420 
404 : 169 172 191 194 195 205 212 216 219 223 234 237 245 252 253 254 262 263 403 407 410 420 422 428 442 444 
405 : 313 316 323 337 347 354 362 401 424 425 426 440 441 443 447 448 449 
406 : 81 83 84 97 111 118 119 129 130 132 133 138 159 165 170 173 402 403 407 408 418 419 420 433 
407 : 130 132 162 163 165 172 173 188 195 196 199 205 219 224 226 252 403 404 406 410 418 420 422 428 433 
408 : 44 45 46 53 54 55 56 72 74 75 81 83 84 88 99 114 122 387 388 389 393 394 395 396 397 402 406 409 419 420 
409 : 46 47 48 49 50 51 52 53 74 78 82 84 85 86 87 389 390 391 392 393 396 397 408 419 
410 : 166 171 176 186 191 192 197 198 218 223 227 233 235 240 244 246 249 263 264 404 407 418 420 428 433 442 
411 : 383 384 385 386 398 399 412 413 414 415 
412 : 36 37 60 61 62 66 67 68 89 90 91 377 378 384 385 399 411 413 414 415 416 
413 : 38 39 63 64 69 70 91 92 93 379 380 381 382 385 386 398 411 412 414 
414 : 69 70 91 92 93 94 103 104 115 121 126 127 136 139 150 158 178 398 400 411 412 413 415 416 417 434 
415 : 73 77 105 108 110 123 125 127 398 399 411 412 414 416 417 
416 : 66 67 68 89 90 91 100 102 104 105 106 109 147 148 151 399 412 414 415 417 434 435 
417 : 105 108 110 123 125 127 139 144 145 148 154 155 157 158 174 179 400 414 415 416 421 434 435 
418 : 131 137 142 152 153 156 159 160 166 167 198 207 210 233 238 406 407 410 419 420 428 433 
419 : 74 78 82 84 85 86 87 101 107 112 113 114 116 118 129 131 137 142 152 153 159 406 408 409 418 420 
420 : 99 114 117 122 128 135 137 140 143 161 164 166 169 171 176 191 194 197 402 403 404 406 407 408 410 418 419 
421 : 144 145 154 174 175 179 182 184 187 209 213 214 228 231 400 417 435 436 
422 : 224 226 243 247 252 270 274 275 278 308 315 317 324 404 407 423 427 428 431 441 444 
423 : 308 315 317 324 331 334 341 356 422 424 427 431 441 443 
424 : 324 331 341 347 350 354 356 360 364 401 405 423 427 431 441 443 445 448 
425 : 239 241 242 258 266 268 273 280 283 287 290 292 297 313 316 323 405 426 436 437 438 439 
426 : 282 283 293 297 302 303 307 316 319 321 323 327 329 337 340 346 349 351 405 425 438 439 440 447 448 449 
427 : 401 422 423 424 428 429 430 431 432 441 442 444 445 
428 : 215 221 222 224 233 238 247 249 250 255 256 261 269 275 284 285 295 404 407 410 418 422 427 431 433 442 444 
429 : 312 314 345 348 352 363 366 369 373 401 427 430 431 445 446 448 449 
430 : 305 310 311 312 339 345 401 427 429 431 432 442 446 
431 : 269 275 284 285 295 301 312 314 318 324 328 350 352 422 423 424 427 428 429 430 442 445 
432 : 263 271 279 281 306 309 310 322 333 338 343 401 427 430 440 441 442 444 446 
433 : 156 159 165 170 193 196 200 207 215 221 222 224 238 406 407 410 418 428 
434 : 102 104 109 136 146 147 149 150 151 177 178 180 181 185 189 236 400 414 416 417 435 437 
435 : 145 147 148 155 168 175 183 185 206 209 211 236 400 416 417 421 434 436 437 
436 : 206 209 211 213 228 230 231 239 241 242 266 280 400 421 425 435 437 438 439 
437 : 177 180 181 201 203 204 206 225 232 236 242 251 283 400 425 434 435 436 439 
438 : 228 229 231 257 259 260 266 276 282 288 289 290 299 300 304 323 325 326 329 340 346 400 425 426 436 439 448 
439 : 217 225 232 248 251 260 265 282 283 286 291 293 303 307 327 400 425 426 436 437 438 
440 : 321 333 338 343 351 357 361 370 372 401 405 426 432 441 446 447 449 
441 : 298 317 320 322 335 336 338 401 405 422 423 424 427 432 440 443 444 447 
442 : 244 246 249 263 264 267 272 277 281 285 305 310 311 312 404 410 427 428 430 431 432 444 
443 : 298 317 334 336 354 356 359 362 365 371 405 423 424 441 447 
444 : 245 252 253 254 262 263 270 271 279 294 296 298 317 320 322 404 422 427 428 432 441 442 
445 : 328 350 352 355 358 360 369 373 401 424 427 429 431 448 
446 : 305 310 332 333 339 345 357 363 367 401 429 430 432 440 449 
447 : 335 336 337 338 349 351 362 365 368 372 405 426 440 441 443 
448 : 300 304 323 330 340 344 347 355 358 360 373 401 405 424 426 429 438 445 449 
449 : 302 321 329 340 342 346 353 357 363 366 367 373 401 405 426 429 440 446 448 
